0.85	
0.85    
0.67
0.85
0.85
0.85
0.67
0.57
0.67
0.85
0.67
0.67
0.67
0.67
0.67
0.57
0.57
0.67
0.57
0.67
0.67
0.67
0.67
0.85
0.67
0.85
0.67
0.67
0.57
0.85
0.85
0.57
0.57
0.57
0.67
0.85
0.57
0.85
0.85
0.67
0.85
0.57
0.57
0.67
0.85
0.67
0.67
0.57
0.57
0.57
0.57
0.67
0.67
0.57
0.67
0.67
0.57
0.57
0.67
0.67
0.67
0.67
0.57
0.57
0.85
0.85
0.57
0.57
0.85
0.85
0.57
0.57
0.85
0.67
0.57
0.85
0.85
0.57
0.85
0.67
0.67
0.85
0.67
0.85
0.85
0.85
0.67
0.67
0.57
0.85
0.85
0.85
0.85
0.67
0.67
0.67
0.67
0.57
0.67
0.67
0.67
0.57
0.57
0.57
0.57
0.57
0.67
0.57
0.67
0.67
0.67
0.57
0.67
0.57
0.57
0.57
0.57
0.67
0.57
0.57
0.57
0.57
0.57
0.67
0.85
0.85
0.67
0.85
0.57
0.85
0.57
0.85
1.00
1.00
1.00
1.00
1.00
0.57
0.57
1.00
1.00
1.00
