LL  77     0     0  2765     0   770  1929     0  1017  2071   428     0  1587   152     0     0     0
LL  77     0     0  1929     0  1634   770     0  1150  3373     0     0  1634  1682     0     0     0
LL  77   304    29  1910   219   532  5026     0   114  2204  1720     0   637  2888     0     0     0
LL  77   399   114  2793   257   181   627     0   713   352   181    19     0   456     0     0    19
LL  77     0    19   143     0    38   960     0   152   485   247   304  1330   646     0     0     0
LL  77     0     0   418    86   152  1444     0     0   979    48    95  1188  1045     0     0     0
LL  77    57    10   190   143     0   988     0     0     0     0     0     0  1796     0     0     0
LL  77    29   266   513   266     0  5111     0   371     0     0     0  1843   836     0     0     0
LL  77   447   599   922    57   152  1748     0   209   637   143    67   437  3401     0     0     0
LL  77     0     0    76     0    95   485     0     0    86   960    48   152   380     0     0     0
LL  77   988     0     0     0     0    38     0     0     0     0     0     0   247     0     0     0
LL  77  1786    19    67    86     0   333     0     0     0     0     0     0     0     0     0     0
LL  77   171     0     0    95     0   561     0     0   105   114     0     0   532     0     0     0
LL  77    10     0   627   266  1387  3373     0    48  1121   304   418   998  2394     0     0     0
LL  77   542     0  2993   133   295  2765     0  1055  1216   114     0  1872   542     0     0     0
LL  77     0   285     0   114   124   969     0     0   428     0     0   494   817     0     0     0
LL  77     0     0     0     0     0     0     0     0     0     0     0     0     0     0     0     0
LL  77     0    38  2841    19   228  1501     0   219  1045   323    29   713   371     0     0     0
LL  77   209    10   475   950   399  1777     0  1653   447     0     0   114  3610     0     0     0
LL  77    67     0  1891     0   219  1663     0     0   960  1406   504   181  1245     0     0     0
LL  77   105     0     0     0     0   238     0     0     0    19     0     0    38     0     0     0
LL  77    19     0   228     0   171   390     0     0     0   409     0    19   903     0     0     0
LL  77    19    10    19   228     0  3230     0     0   114   247     0     0  4342     0     0     0
LL  77  1197     0   266    67     0   931     0    29   114    10     0    38    95     0     0     0
LL  77   285     0   361   504    57  2081     0  2271   637    38     0   295  3344     0     0     0
LL  77     0     0   285     0    48   276     0     0   190   152     0   124   323     0     0     0
LL  77     0     0     0     0     0     0     0     0     0   114     0     0     0     0     0     0
LL  77     0     0    19     0     0     0     0     0     0   352     0     0     0     0     0     0
LL  77    95     0   124     0     0  2337     0   190    76     0     0     0  2442     0     0     0
LL  77     0     0    67     0    48   390     0     0   523     0     0   133     0     0     0     0
LL  77    19    57  2299     0   190   513     0   200  1340    76     0   656   456     0     0     0
LL  77   247  1596   105    48     0   162     0     0     0     0     0     0     0     0     0     0
LL  77   399   380    57   143   409  1691     0   722     0     0     0   200   732     0     0     0
LL  77     0    19     0     0   181   295     0     0     0     0     0     0     0     0     0     0
LL  77     0     0   703     0    95   342     0     0   266   133     0   105   361     0     0     0
LL  77   684     0     0     0     0     0     0     0     0     0     0     0     0     0     0     0
LL  77     0  1919     0     0     0    29     0     0     0     0     0     0   513     0     0     0
LL  77  3012    76  1045   124   466  1767     0   276   893   133     0   722   314    10     0     0
LL  77   162   133  3154    67  1520  5558     0   238  4000     0   247  4703  2945     0     0     0
LL  77    29  2280   228   352   124  1150   238     0   190   152   219   143   827     0     0     0
LL  77   789   304  1226   418  1140   798     0     0   437    29     0   276  1150     0     0     0
LL  77     0   114     0   200   152   703     0   124     0     0     0    57  1748     0     0     0
LL  77   713     0     0     0     0     0     0     0     0     0     0     0     0     0     0     0
LL  77     0     0     0    57     0   466   200     0     0     0     0   399   523     0     0     0
LL  77  1862     0     0     0     0     0     0     0     0     0     0     0     0     0     0     0
LL  77     0     0     0     0     0   247     0     0   656     0     0    57   485     0     0     0
LL  77     0     0     0     0     0     0     0     0     0     0    29     0   732     0     0     0
LL  77     0     0     0    10     0   133     0     0     0     0     0     0  2432     0     0     0
LL  77     0     0   200     0     0  1064     0   608     0     0     0     0   760     0     0     0
LL  77     0  2518    19     0     0   504     0     0     0     0     0     0   114     0     0     0
LL  77     0     0     0  1739     0  1986     0     0     0     0     0     0   770     0     0     0
LL  77    19    29     0   162     0  1235     0   466     0     0   437     0  2774     0     0     0
LL  77    19     0     0   105     0   209     0  3667     0     0    86     0   922     0     0     0
LL  77    10     0     0     0     0   181     0     0     0     0     0     0  3002     0     0     0
LL  77    38     0     0     0     0   152     0     0     0     0     0     0  2565     0     0     0
LL  77    95   836   152     0   589   333     0     0   133     0     0     0  2252     0     0     0
LL  77     0    29     0     0     0  1397     0     0     0     0     0     0   722     0     0     0
LL  77     0     0     0   703     0   447     0   409     0     0     0     0  4598     0     0     0
LL  77    10     0     0   732     0   494     0   779     0     0     0    19  3221     0     0     0
LL  77     0     0     0   285   475   352     0  1378     0     0     0   171  2869     0     0     0
LL  77    10     0     0  1036   238  1416     0  1539     0     0     0   352  1758     0     0     0
LL  77    19     0     0     0     0     0     0     0     0     0     0     0   732     0     0     0
LL  77    10     0     0   238   276   532     0     0     0     0     0     0  1169     0     0     0
LL  77    29     0     0     0     0   247     0   114     0     0     0     0  2309     0     0     0
LL  77    76    29  1539   371    38   874     0   152   817    67     0     0   969     0     0     0
LL  77   352    38  1121   380     0   361     0    67   276     0     0     0   998     0     0    10
LL  77    19   342     0     0     0   124     0     0     0     0     0     0  1093     0     0     0
LL  77     0  1283     0     0  1634   931     0     0   580     0    10    67  1501   171     0     0
LL  77    29     0  1321     0   513   219     0   143   817   399     0    38   428     0     0     0
LL  77    19    57   371     0     0    10     0     0     0     0     0     0   361     0     0     0
LL  77     0   105   361    86     0   447     0     0     0     0     0     0    67     0     0     0
LL  77   143    38   200   380     0  2755     0     0    57   162    19   266  2613     0     0     0
LL  77    38  4931     0   333  1777  1615     0     0   361     0     0     0  2936     0     0     0
LL  77     0     0     0     0     0     0     0     0     0     0     0     0  1511     0     0     0
LL  77    19    10     0     0     0   200     0    86     0     0     0    67   694     0     0     0
LL  77     0     0   504    48    95   352     0   342    29     0     0     0   352     0     0     0
LL  77     0  5425     0   779  1121  1425     0     0   285     0     0   599  3515     0     0     0
LL  77     0     0    38     0   257   874     0     0     0     0     0   200   969     0     0     0
LL  77   266   133   266   447     0   561     0    67   228     0     0     0    86     0     0     0
LL  77     0   152   599     0     0   665     0     0     0     0     0    86  1150     0     0     0
LL  77     0     0     0     0     0    48     0     0     0     0     0    29    86     0     0     0
LL  77     0     0   238     0    48   133     0     0   152     0    38     0     0     0     0     0
LL  77     0     0     0     0   437   409     0     0     0     0     0   656  2727     0     0     0
LL  77     0     0   428    86     0     0     0   295   162     0     0     0     0     0     0     0
LL  77   380   266  1672  1102   276   713     0   228   456    19     0     0   428     0     0     0
LL  77    48     0    10     0     0     0     0     0     0    57     0     0     0     0     0     0
LL  77    29  1254     0   114   209   418     0    57     0     0     0   447   428     0     0     0
LL  77     0   314     0   152   371   228     0     0     0     0     0     0    76     0     0     0
LL  77     0  1302     0     0     0     0     0     0     0     0     0     0     0     0     0     0
LL  77    67     0     0     0     0    76     0     0   124    10     0    95     0     0     0     0
LL  77    76     0   190    19    48    95     0   219     0     0     0    38     0     0     0     0
LL  77   143    10     0    38     0   105     0     0     0   171   114   114    57     0     0     0
LL  77  2195   238    19    19    57   428     0     0   152     0     0   371   219     0     0     0
LL  77     0     0     0   181     0    48     0     0     0     0     0   162    86     0     0     0
LL  77     0  1701     0     0   105   361    19     0     0     0     0     0   741     0     0     0
LL  77     0     0     0     0     0    19     0     0   152     0     0     0    19     0     0     0
LL  77    38     0     0    10     0    38     0     0     0     0     0    48    48     0     0     0
LL  77    29     0     0     0     0    29     0     0     0     0     0     0     0     0     0     0
LL  77    38     0     0     0     0    86     0     0     0    86     0     0     0     0     0     0
LL  77     0     0     0    76   124   456     0     0    86     0     0   124   570     0     0     0
LL  77   143   770   485    86   209   760     0    48     0     0     0   219   798     0     0     0
LL  77   846    76     0     0    95   713     0     0    57     0     0     0    38     0     0     0
LL  77  8303  3363  7686  9111  1311  4123     0  1492  5358  5510   285   200  5187     0     0    19
LL  77     0     0     0     0     0     0     0     0     0     0     0     0     0     0     0     0
LL  77     0     0     0    38     0    76     0     0   133     0     0     0     0     0     0     0
LL  77     0     0     0     0     0     0     0     0     0     0     0     0     0     0     0     0
LL  77     0     0   570     0    29   181     0  1207   855     0     0     0     0     0     0     0
LL  77     0     0     0     0     0   219     0    76     0     0     0     0   447     0     0     0
LL  77     0     0     0     0     0     0     0     0     0     0     0     0     0     0     0     0
LL  77    10     0     0     0     0     0     0     0     0     0     0     0     0     0     0     0
LL  77    38     0     0     0     0   209     0   646     0     0     0     0  1283     0     0     0
LL  77     0     0     0     0     0     0     0     0     0     0     0     0     0     0     0     0
LL  77    10     0   684     0     0   722     0   162   171     0     0   133   342     0     0     0
LL  77     0     0     0     0     0     0     0     0     0     0     0     0     0     0     0     0
LL  77     0     0     0    86     0   276     0     0   200     0     0    76     0     0     0     0
LL  77     0    10     0     0   219   675     0     0    76    76     0    86   285     0     0     0
LL  77     0     0     0    76   133   133     0     0   162     0     0    57   352     0     0     0
LL  77     0     0     0     0     0     0     0     0     0     0     0     0     0     0     0     0
LL  77     0     0   200     0     0  2062     0     0     0     0     0   133  5890     0     0     0
LL  77    95     0     0     0   304    76     0   276     0     0     0     0   380     0     0     0
LL  77    19   238     0     0    57     0     0     0     0     0     0    67     0     0     0     0
LL  77   295   532     0     0   751   836     0     0     0     0     0    76   504    19     0     0
LL  77     0     0     0     0     0     0     0     0     0     0     0     0     0     0     0     0
LL  77     0     0     0     0     0   181     0     0     0     0     0   143    67     0     0     0
LL  77     0     0     0     0    29   190     0     0     0     0     0     0     0     0     0     0
LL  77     0   285     0    57  3591   371     0   827  4503     0     0  1045  1796     0     0     0
LL  77     0     0     0   323     0    57     0     0     0     0     0   561    57     0     0     0
LL  77    57   238   618   342   732   228     0     0   105     0     0     0   304     0     0     0
LL  77    76   931    67     0   437   276     0     0   304    29    38     0   314     0     0     0
LL  77  1378  2375  2090   228  1938  1758     0  1463  5301  8189    57    19   684     0    86   741
LL  77   494   608    38     0     0   798     0     0     0     0     0     0     0     0     0     0
LL  77    10    48     0     0     0   789     0     0     0     0     0     0     0     0     0     0
LL  77    29     0     0     0     0     0     0     0     0     0     0     0     0     0     0     0
LL  77    29     0     0     0     0     0     0     0     0     0     0     0     0     0     0     0
LL  77     0     0     0     0     0     0     0     0     0     0     0     0     0     0     0     0
LL  77     0     0     0     0     0     0     0     0     0     0     0     0     0     0     0     0
LL  77     0     0     0     0     0     0     0     0     0     0     0     0     0     0     0     0
LL  77     0     0     0     0     0     0     0     0     0     0     0     0     0     0     0     0
LL  77     0     0     0     0     0     0     0     0     0     0     0     0     0     0     0     0
LL  77     0     0     0     0     0     0     0     0     0     0     0     0     0     0     0     0
LL  77    19     0     0     0     0     0     0     0     0     0     0     0     0     0     0     0
LL  77    29     0     0     0     0     0     0     0     0     0     0     0     0     0     0     0
