LL  00    10    10  2223   618    57  1777     0  1321  2974   447     0   580   827     0     0     0
LL  00     0     0  2204   228   931  1558     0  2071  3306     0     0   741  1777     0     0     0
LL  00   371    29   798   114   542  2024     0    76  1587  1748     0  1245  6679     0     0     0
LL  00   399   171  1321   456     0  1634     0   893   836   304    10   285   646     0     0     0
LL  00     0     0   190    29   285  1226     0    67   599   266   371   675   390     0     0     0
LL  00    10     0   162    76  1140  1454     0    38   893    38   114   542   751     0     0     0
LL  00   228     0   105    48     0   960     0     0     0     0     0     0  1881     0     0     0
LL  00    38   314   665   105    57  3050     0   722     0     0     0   770  3715     0     0     0
LL  00   485   276   228   770   513   580   190   333   941   143   266    76  4123     0     0     0
LL  00     0     0    76     0   361     0     0     0    76   969   105   304   390     0     0     0
LL  00  1074     0     0     0     0     0     0     0     0     0     0     0     0     0     0     0
LL  00  1786    29     0     0     0    48     0    19     0     0     0     0     0     0     0     0
LL  00   266     0   143     0     0    67     0     0     0   114     0    48   874     0     0     0
LL  00    38     0   741    67   561  4465     0   257  1596   304   380   684  1644     0     0     0
LL  00   798    10  1986   485   551  1625     0  1501  1577   105     0  1691  1273     0     0     0
LL  00     0   105     0     0   675  1178     0     0     0     0     0   257   675     0     0     0
LL  00     0     0     0     0     0     0     0     0     0     0     0     0     0     0     0     0
LL  00     0    86  2081   209   162   760     0   456  1083   323    67  1045   684     0     0     0
LL  00   209    29   770  1159   314  2090     0   380     0     0    19    48  4636     0     0     0
LL  00    95     0   675     0   181   884     0     0   580  1425   608   542  2993     0     0     0
LL  00   124     0     0     0     0   152     0     0     0    19     0     0    95     0     0     0
LL  00    29     0    38     0    48   371     0   105     0   361     0   257   912     0     0     0
LL  00    38    10    67    29     0  3135     0    57     0   247     0    95  4389     0     0     0
LL  00  2480     0    29    29     0    10     0    19    29     0     0   276    95     0     0     0
LL  00   285    19   656   418   181  2394     0  1938   304    10     0   475  3059     0     0     0
LL  00     0     0   152     0   162    67     0    48    95   105     0   323   399     0     0     0
LL  00     0     0     0     0     0     0     0     0     0   114     0     0     0     0     0     0
LL  00     0     0     0     0     0    19     0     0     0   352     0     0     0     0     0     0
LL  00   124     0     0   257     0   988     0   228   228     0     0   114  2917     0     0     0
LL  00     0     0     0     0    29   608     0     0   314     0     0   162     0     0     0     0
LL  00    19    19  1539   209     0  1036     0   523  1349    95     0   352   171     0     0     0
LL  00   247  1596   105    48     0   162     0     0     0     0     0     0     0     0     0     0
LL  00   399   380    57   143   409  1691     0   722     0     0     0   200   732     0     0     0
LL  00     0    19     0     0   181   295     0     0     0     0     0     0     0     0     0     0
LL  00     0     0   314     0   190   285     0     0   428   162    57   105   456     0     0     0
LL  00   684     0     0     0     0     0     0     0     0     0     0     0     0     0     0     0
LL  00     0  1919     0     0     0    29     0     0     0     0     0     0   513     0     0     0
LL  00  3762   114   570    29   646  1416     0   266   513   133     0   314   285     0     0     0
LL  00   190   447  2850   124  2214  8208     0   257  3819     0   323  2660  2024     0     0     0
LL  00   200  1112    48   342   504   475   257     0     0   162   333   181  1701     0     0     0
LL  00   865   200  1311   304   475  1682     0   181   637    19     0   190  1501     0     0     0
LL  00     0   105   399     0     0   133     0   171     0     0     0    76  1938     0     0     0
LL  00   722     0     0     0     0     0     0     0     0     0     0     0     0     0     0     0
LL  00     0     0     0     0     0    76   247     0     0     0   105   219   779     0     0     0
LL  00  1815     0     0     0     0     0     0     0     0     0     0     0     0     0     0     0
LL  00     0     0     0    10     0    38     0     0   485     0     0     0   342     0     0     0
LL  00     0     0     0     0     0     0     0     0     0     0    29     0   732     0     0     0
LL  00     0     0     0   152     0     0     0     0     0     0     0     0  1701     0     0     0
LL  00     0     0   200     0     0  1064     0   608     0     0     0     0   760     0     0     0
LL  00     0  2518    19     0     0   504     0     0     0     0     0     0   114     0     0     0
LL  00     0     0     0  1739     0  1986     0     0     0     0     0     0   770     0     0     0
LL  00    29     0     0   646     0   523     0     0     0     0   513     0  2651     0     0     0
LL  00    57     0     0   333     0     0     0  3183     0     0   124     0  1159     0     0     0
LL  00    38     0     0     0     0   333     0     0     0     0     0     0  2470     0     0     0
LL  00     0     0     0     0     0     0     0     0     0     0     0     0     0     0     0     0
LL  00    95   532   171   504    57   722     0    48   257     0   323     0  2461     0     0     0
LL  00     0    29     0     0     0  1397     0     0     0     0     0     0   722     0     0     0
LL  00     0     0     0  1387     0   143     0   741     0     0     0     0  3810     0     0     0
LL  00    10     0     0   656     0   266     0   656    38     0     0   599  2546     0     0     0
LL  00    95     0     0   200   342  1568     0   912     0     0     0   105  2033     0     0     0
LL  00   133     0   409     0   713  1805     0  2746     0     0     0     0   827     0     0     0
LL  00     0     0     0     0     0     0     0     0     0     0     0     0     0     0     0     0
LL  00    10     0     0   456   181   418     0    48   228     0     0     0   656     0     0     0
LL  00    38     0     0   285     0   637     0   922     0     0     0     0  1169     0     0     0
LL  00    86    29  1539   371    38   874     0   152   817    67     0     0   969     0     0     0
LL  00   352    38  1121   380     0   361     0    67   276     0     0     0   998     0     0    10
LL  00    19   342     0     0     0   124     0     0   276     0     0     0  1093     0     0     0
LL  00    10  1264     0     0  1207  1473     0    76   656     0    19     0  1207     0     0     0
LL  00    38     0   798    48     0  1235     0   200  1102   143     0    95     0     0     0     0
LL  00    19    57    67    57     0   219     0     0     0     0     0     0   580     0     0     0
LL  00     0   105   361    86     0   447     0     0     0     0     0     0    67     0     0     0
LL  00   143    57   114   608    38  1520     0   209    48   162    29  1112  2822     0     0     0
LL  00    38  3962    86   494  2470  3544     0    76   285     0     0     0  1007     0     0     0
LL  00     0     0     0     0     0   808     0     0     0     0     0     0   703     0     0     0
LL  00    19   124     0     0     0   228     0    48     0     0     0   295   437     0     0     0
LL  00     0    10   143   371     0   475     0     0   171     0     0     0   741     0     0     0
LL  00     0  4199    48   580  1938  2223    19     0     0     0     0   665  3268     0     0     0
LL  00     0     0     0     0   190   722     0     0     0     0     0   200   998     0     0     0
LL  00   276   124   219   323   475   295     0     0   380     0     0     0   190     0     0     0
LL  00     0    95   219     0     0  1967     0     0     0     0     0     0   988     0     0     0
LL  00     0     0     0     0     0     0     0     0     0     0     0     0   162     0     0     0
LL  00     0    10   247     0     0     0     0     0   276     0    38     0     0     0     0     0
LL  00     0     0     0   884   133   285     0     0     0     0     0     0  2936     0     0     0
LL  00     0    29    76    86     0   513     0   314   114    10     0     0   143     0     0     0
LL  00   380   209   922   561   209  1036     0   665   960    29     0     0  1093     0     0     0
LL  00    95     0     0     0     0     0     0     0     0     0     0     0     0     0     0     0
LL  00    38  1340     0     0     0     0     0     0     0     0     0    67  1549     0     0     0
LL  00     0   285     0     0     0   627     0     0     0     0     0     0     0     0     0     0
LL  00     0   703     0     0   124   447     0     0     0     0     0     0     0     0     0     0
LL  00    67     0     0    95     0    76     0     0   124    10     0     0     0     0     0     0
LL  00    86     0   190    19    48    95     0   219     0     0     0    38     0     0     0     0
LL  00   143    10     0     0     0    29     0     0    48   181   152     0     0     0     0     0
LL  00  2385   190     0     0     0   447   314     0   124     0     0   238   114     0     0     0
LL  00     0     0     0    67     0     0     0     0     0     0     0     0   304     0     0     0
LL  00    48   637     0   418     0   276   456     0     0    38     0    19   922     0     0     0
LL  00     0     0     0     0     0     0     0     0     0     0     0     0   181     0     0     0
LL  00    57     0     0     0     0    57     0     0     0     0    19    38     0     0     0     0
LL  00    29     0     0     0     0     0     0     0     0     0     0     0    29     0     0     0
LL  00    38     0     0     0     0    76     0     0     0    76     0     0    19     0     0     0
LL  00    10     0     0   209     0   523     0     0     0     0     0   114   665     0     0     0
LL  00   143   874    57     0   209   865   124     0   105     0   247     0   703     0     0     0
LL  00  1017    76     0     0    95   713     0     0    57     0     0     0    38     0     0     0
LL  00 10517  2926  4836  8626  1682  7182     0   228  4085  6603   181   950  4560     0     0     0
LL  00     0     0     0     0     0     0     0     0     0     0     0     0     0     0     0     0
LL  00     0     0     0   152     0   124     0     0     0     0     0     0     0     0     0     0
LL  00     0     0     0     0     0     0     0     0     0     0     0     0     0     0     0     0
LL  00     0     0     0   171     0   599     0  1501     0     0     0   143   409     0     0     0
LL  00    10     0     0     0     0   114     0   190     0     0     0     0   428     0     0     0
LL  00     0     0     0     0     0     0     0     0     0     0     0     0     0     0     0     0
LL  00    10     0     0     0     0     0     0     0     0     0     0     0     0     0     0     0
LL  00     0     0     0     0     0     0     0     0     0     0     0     0     0     0     0     0
LL  00     0     0     0     0     0     0     0     0     0     0     0     0     0     0     0     0
LL  00     0     0   808     0     0   190     0   352    67     0     0   228   295     0     0     0
LL  00     0     0     0     0     0     0     0     0     0     0     0     0     0     0     0     0
LL  00     0     0     0     0     0   152     0     0   209     0     0   190     0     0     0     0
LL  00     0    76     0     0     0   912     0     0     0   200     0     0   323     0     0     0
LL  00     0     0   105     0   276   152     0     0    67     0     0   181   209     0     0     0
LL  00     0     0     0     0     0     0     0     0     0     0     0     0     0     0     0     0
LL  00    10     0     0     0     0  1425     0     0     0     0     0     0  6774     0     0     0
LL  00    95     0     0     0     0     0     0   247     0     0     0    76   798     0     0     0
LL  00    19   314     0     0     0     0     0     0     0     0     0     0    57     0     0     0
LL  00   295     0     0     0     0     0     0     0     0     0     0     0     0     0     0     0
LL  00     0   114     0     0     0     0     0     0     0     0     0     0     0     0     0     0
LL  00     0     0     0    19     0     0     0     0     0     0     0   437     0     0     0     0
LL  00     0     0     0     0     0    29     0     0     0     0     0     0     0     0     0     0
LL  00   124     0     0   931   998  2081   105  1311  2242     0     0   238  4712     0     0     0
LL  00     0     0     0    19     0    67     0     0     0     0     0   931     0     0     0     0
LL  00    57   238   618   342   732   228     0     0   105     0     0     0   304     0     0     0
LL  00    76   931    67     0   437   276     0     0   304    29    38     0   314     0     0     0
LL  00  1378  2375  2090   228  1938  1758     0  1463  5301  8189    57    19   684     0    86   741
LL  00   494   608    38     0     0   798     0     0     0     0     0     0     0     0     0     0
LL  00    10    48     0     0     0   789     0     0     0     0     0     0     0     0     0     0
LL  00    29     0     0     0     0     0     0     0     0     0     0     0     0     0     0     0
LL  00    29     0     0     0     0     0     0     0     0     0     0     0     0     0     0     0
LL  00     0     0     0     0     0     0     0     0     0     0     0     0     0     0     0     0
LL  00     0     0     0     0     0     0     0     0     0     0     0     0     0     0     0     0
LL  00     0     0     0     0     0     0     0     0     0     0     0     0     0     0     0     0
LL  00     0     0     0     0     0     0     0     0     0     0     0     0     0     0     0     0
LL  00     0     0     0     0     0     0     0     0     0     0     0     0     0     0     0     0
LL  00     0     0     0     0     0     0     0     0     0     0     0     0     0     0     0     0
LL  00    19     0     0     0     0     0     0     0     0     0     0     0     0     0     0     0
LL  00    29     0     0     0     0     0     0     0     0     0     0     0     0     0     0     0
