PARTL   2.00  3.00
ALRTL   4.00  6.00
FIRTL   2.00  2.00
SBRTL   4.00  7.00
GRRTL   2.00  1.00
RIRTL   1.00  3.00
TRRTL   4.00  6.00
TORTL   4.00  6.00
ORRTL   5.00  9.00
VIRTL   4.00  8.00
SFRTL   4.00  0.00
CRRTL   3.00  2.00
PPRTL   2.00  0.00
VVRTL   4.00  0.00
OORTL   5.00  0.00
DGRTL   2.00  0.00  6.00
NVRTL   2.50  0.00  7.50
PASUL   6.00  6.00  6.00  6.00  6.00  6.00  6.00  6.00  6.00  6.00  6.00  6.00
PASLL   4.00  0.00  0.00  0.00  0.00  6.00  6.00  5.00  4.50  4.00  3.50  3.00
ALSUL  12.00 12.00 12.00 12.00 12.00 12.00 12.00 12.00 12.00 12.00 12.00 12.00
ALSLL   6.00  0.00  0.00  0.00  0.00 12.00 11.00 10.00  9.00  8.00  7.00  6.00
FISUL   6.00  6.00  6.00  6.00  6.00  6.00  6.00  6.00  6.00  6.00  6.00  6.00
FISLL   1.00  0.00  0.00  0.00  0.00  0.00  4.00  4.00  5.00  5.00  3.00  2.00
SBSUL  12.00 12.00 12.00 12.00 12.00 12.00 12.00 12.00 12.00 12.00 12.00 12.00
SBSLL   7.00  0.00  0.00  0.00  0.00  0.00 12.00 11.50 11.00 10.00  8.00  7.00
GRSUL   6.00  6.00  6.00  6.00  6.00  6.00  6.00  6.00  6.00  6.00  6.00  6.00
GRSLL   0.00  0.00  1.50  3.00  4.00  3.00  0.00  0.00  0.00  0.00  0.00  0.00
RISUL   3.00  3.00  3.00  3.00  3.00  3.00  9.00 10.50 12.00 12.00 10.50  3.00
RISLL   1.00  1.00  1.00  1.00  1.00  1.00  9.00 10.50 12.00 12.00 10.50  3.00
TRSUL  12.00 12.00 12.00 12.00 12.00 12.00 12.00 12.00 12.00 12.00 12.00 12.00
TRSLL   1.00  0.00  0.00  0.00  0.00  0.00 12.00 12.00 12.00 10.00  8.00  6.00
TOSUL  12.00 12.00 12.00 12.00 12.00 12.00 12.00 12.00 12.00 12.00 12.00 12.00
TOSLL   1.00  0.00  0.00  0.00  0.00  0.00 12.00 12.00 12.00 10.00  8.00  6.00
ORSUL  15.00 15.00 15.00 15.00 15.00 15.00 15.00 15.00 15.00 15.00 15.00 15.00
ORSLL   9.00  0.00  0.00  0.00  0.00 15.00 14.00 13.50 13.00 12.00 10.00  9.00
VISUL  12.00 12.00 12.00 12.00 12.00 12.00 12.00 12.00 12.00 12.00 12.00 12.00
VISLL   7.00  0.00  0.00  0.00  0.00  0.00 12.00 12.00 11.00 10.00  9.00  8.00
SFSUL  12.00 12.00 12.00 12.00 12.00 12.00 12.00 12.00 12.00 12.00 12.00 12.00
SFSLL   0.00  0.00  0.00  6.00  8.00 12.00 11.00 10.00  6.00  3.00  0.00  0.00
CRSUL   9.00  9.00  9.00  9.00  9.00  9.00  9.00  9.00  9.00  9.00  9.00  9.00
CRSLL   1.00  0.00  0.00  0.00  0.00  0.00  4.00  4.00  5.00  5.00  3.00  2.00
PPSUL   6.00  6.00  6.00  6.00  6.00  6.00  6.00  6.00  6.00  6.00  6.00  6.00
PPSLL   0.00  0.00  0.00  0.00  0.00  0.00  0.00  0.00  0.00  0.00  0.00  0.00
VVSUL  12.00 12.00 12.00 12.00 12.00 12.00 12.00 12.00 12.00 12.00 12.00 12.00
VVSLL   0.00  0.00  0.00  0.00  0.00  0.00  0.00  0.00  0.00  0.00  0.00  0.00
OOSUL  15.00 15.00 15.00 15.00 15.00 15.00 15.00 15.00 15.00 15.00 15.00 15.00
OOSLL   0.00  0.00  0.00  0.00  0.00  0.00  0.00  0.00  0.00  0.00  0.00  0.00
PASEL    .60   .60   .60   .60   .60   .60   .60   .60   .60   .60   .60   .60
ALSEL   1.20  1.20  1.20  1.20  1.20  1.20  1.20  1.20  1.20  1.20  1.20  1.20
FISEL    .60   .60   .60   .60   .60   .60   .60   .60   .60   .60   .60   .60
SBSEL   1.20  1.20  1.20  1.20  1.20  1.20  1.20  1.20  1.20  1.20  1.20  1.20
GRSEL    .60   .60   .60   .60   .60   .60   .60   .60   .60   .60   .60   .60
RISEL    .30   .30   .30   .30   .30   .30   .30   .30   .30   .30   .30   .30
TRSEL   1.20  1.20  1.20  1.20  1.20  1.20  1.20  1.20  1.20  1.20  1.20  1.20
TOSEL   1.20  1.20  1.20  1.20  1.20  1.20  1.20  1.20  1.20  1.20  1.20  1.20
ORSEL   1.50  1.50  1.50  1.50  1.50  1.50  1.50  1.50  1.50  1.50  1.50  1.50
VISEL   1.20  1.20  1.20  1.20  1.20  1.20  1.20  1.20  1.20  1.20  1.20  1.20
SFSEL   1.20  1.20  1.20  1.20  1.20  1.20  1.20  1.20  1.20  1.20  1.20  1.20
CRSEL    .90   .90   .90   .90   .90   .90   .90   .90   .90   .90   .90   .90
PPSEL    .60   .60   .60   .60   .60   .60   .60   .60   .60   .60   .60   .60
VVSEL   1.20  1.20  1.20  1.20  1.20  1.20  1.20  1.20  1.20  1.20  1.20  1.20
OOSEL   1.50  1.50  1.50  1.50  1.50  1.50  1.50  1.50  1.50  1.50  1.50  1.50
DGSEL    .60   .60   .60   .60   .60   .60   .60   .60   .60   .60   .60   .60
NVSEL    .75   .75   .75   .75   .75   .75   .75   .75   .75   .75   .75   .75
RWSEL    .00   .00   .00   .00   .00   .00   .00   .00   .00   .00   .00   .00
