PARTU   2.00  3.00                                                             
ALRTU   6.00  6.00                                                             
FIRTU   4.00  2.00                                                             
SBRTU   5.00  7.00                                                             
GRRTU   4.00  1.00                                                             
RIRTU   2.00  3.00                                                             
TRRTU   5.00  6.00                                                             
TORTU   5.00  6.00                                                             
ORRTU   6.00  9.00                                                             
VIRTU   5.00  8.00                                                             
SFRTU   5.00  0.00                                                             
CRRTU   4.00  2.00                                                             
PPRTU   2.00  0.00                                                             
VVRTU   5.00  0.00                                                             
OORTU   6.00  0.00                                                             
DGRTU   2.00  0.00  3.00                                                       
NVRTU   2.00  0.00  7.50                                                       
PASUU   3.00  3.00  3.00  3.00  3.00  3.00  3.00  3.00  3.00  3.00  3.00  3.00 
PASLU   1.50  1.00  1.00  1.00  1.00  2.00  3.00  3.00  2.50  2.00  2.00  2.00 
ALSUU   9.00  9.00  9.00  9.00  9.00  9.00  9.00  9.00  9.00  9.00  9.00  9.00 
ALSLU   4.00  2.00  2.00  2.00  2.00  6.00  8.00  9.00  8.00  7.00  6.00  5.00 
FISUU   6.00  6.00  6.00  6.00  6.00  6.00  6.00  6.00  6.00  6.00  6.00  6.00 
FISLU   1.00  1.00  1.00  1.00  1.00  4.00  4.00  4.00  5.00  4.50  3.00  2.00 
SBSUU   7.50  7.50  7.50  7.50  7.50  7.50  7.50  7.50  7.50  7.50  7.50  7.50 
SBSLU   3.00  2.00  2.00  2.00  2.00  4.00  4.00  7.50  7.50  6.00  5.00  4.00 
GRSUU   6.00  6.00  6.00  6.00  6.00  6.00  6.00  6.00  6.00  6.00  6.00  6.00 
GRSLU   1.00  1.00  2.00  3.00  3.00  3.00  3.00  1.00  1.00  1.00  1.00  1.00 
RISUU   3.00  3.00  3.00  3.00  3.00  3.00  9.00 10.50 12.00 12.00 10.50  3.00 
RISLU   1.00  1.00  1.00  1.00  1.00  1.00  9.00 10.50 12.00 12.00 10.50  3.00 
TRSUU   4.50  4.50  4.50  4.50  4.50  4.50  4.50  4.50  4.50  4.50  4.50  4.50 
TRSLU   1.00  1.00  1.00  1.00  1.00  1.00  3.00  4.00  4.50  4.00  4.00  2.00 
TOSUU   7.50  7.50  7.50  7.50  7.50  7.50  7.50  7.50  7.50  7.50  7.50  7.50 
TOSLU   1.00  1.00  1.00  1.00  1.00  1.00  3.00  7.50  7.50  6.50  5.50  3.00 
ORSUU   9.00  9.00  9.00  9.00  9.00  9.00  9.00  9.00  9.00  9.00  9.00  9.00 
ORSLU   4.00  2.00  2.00  2.00  2.00  5.00  8.00  9.00  8.00  7.00  6.00  5.00 
VISUU   7.50  7.50  7.50  7.50  7.50  7.50  7.50  7.50  7.50  7.50  7.50  7.50 
VISLU   3.00  2.00  2.00  2.00  2.00  2.00  5.00  7.50  7.00  6.00  5.00  4.00 
SFSUU   7.50  7.50  7.50  7.50  7.50  7.50  7.50  7.50  7.50  7.50  7.50  7.50 
SFSLU   0.00  0.00  0.00  3.50  5.00  7.50  7.00  6.00  3.50  2.00  0.00  0.00 
CRSUU   6.00  6.00  6.00  6.00  6.00  6.00  6.00  6.00  6.00  6.00  6.00  6.00 
CRSLU   1.00  1.00  1.00  1.00  1.00  4.00  4.00  4.00  5.00  4.50  3.00  2.00 
PPSUU   3.00  3.00  3.00  3.00  3.00  3.00  3.00  3.00  3.00  3.00  3.00  3.00 
PPSLU   0.00  0.00  0.00  0.00  0.00  0.00  0.00  0.00  0.00  0.00  0.00  0.00 
VVSUU   7.50  7.50  7.50  7.50  7.50  7.50  7.50  7.50  7.50  7.50  7.50  7.50 
VVSLU   0.00  0.00  0.00  0.00  0.00  0.00  0.00  0.00  0.00  0.00  0.00  0.00 
OOSUU   9.00  9.00  9.00  9.00  9.00  9.00  9.00  9.00  9.00  9.00  9.00  9.00 
OOSLU   0.00  0.00  0.00  0.00  0.00  0.00  0.00  0.00  0.00  0.00  0.00  0.00 
PASEU    .00   .00   .00   .00   .00   .00   .00   .00   .00   .00   .00   .00 
ALSEU    .00   .00   .00   .00   .00   .00   .00   .00   .00   .00   .00   .00 
FISEU    .00   .00   .00   .00   .00   .00   .00   .00   .00   .00   .00   .00 
SBSEU    .00   .00   .00   .00   .00   .00   .00   .00   .00   .00   .00   .00 
GRSEU    .00   .00   .00   .00   .00   .00   .00   .00   .00   .00   .00   .00 
RISEU    .00   .00   .00   .00   .00   .00   .00   .00   .00   .00   .00   .00 
TRSEU    .00   .00   .00   .00   .00   .00   .00   .00   .00   .00   .00   .00 
TOSEU    .00   .00   .00   .00   .00   .00   .00   .00   .00   .00   .00   .00 
ORSEU    .00   .00   .00   .00   .00   .00   .00   .00   .00   .00   .00   .00 
VISEU    .00   .00   .00   .00   .00   .00   .00   .00   .00   .00   .00   .00 
SFSEU    .00   .00   .00   .00   .00   .00   .00   .00   .00   .00   .00   .00 
CRSEU    .00   .00   .00   .00   .00   .00   .00   .00   .00   .00   .00   .00 
PPSEU    .00   .00   .00   .00   .00   .00   .00   .00   .00   .00   .00   .00 
VVSEU    .00   .00   .00   .00   .00   .00   .00   .00   .00   .00   .00   .00 
OOSEU    .00   .00   .00   .00   .00   .00   .00   .00   .00   .00   .00   .00 
DGSEU    .00   .00   .00   .00   .00   .00   .00   .00   .00   .00   .00   .00 
NVSEU    .00   .00   .00   .00   .00   .00   .00   .00   .00   .00   .00   .00 
RWSEU    .00   .00   .00   .00   .00   .00   .00   .00   .00   .00   .00   .00 
