RW  00    10    80   228
RW  00    19   380     0
RW  00    19     0     0
RW  00    19   500     0
RW  00     0     0   114
RW  00     0     0   190
RW  00     0     0     0
RW  00     0    20    10
RW  00     0   220     0
RW  00     0     0     0
RW  00     0   220     0
RW  00     0   140   152
RW  00    10     0     0
RW  00    19   120    57
RW  00    29    60     0
RW  00   152    90   143
RW  00     0     0     0
RW  00     0    20     0
RW  00   143   440     0
RW  00    29     0     0
RW  00     0     0     0
RW  00    10     0     0
RW  00    19     0     0
RW  00     0   340     0
RW  00    67   470   323
RW  00     0     0     0
RW  00    10     0     0
RW  00     0     0     0
RW  00    10   820     0
RW  00     0     0     0
RW  00    38   180     0
RW  00     0    20     0
RW  00    10   250     0
RW  00    38  2420     0
RW  00     0     0     0
RW  00     0   100     0
RW  00     0     0     0
RW  00    29   340   922
RW  00    10   350   162
RW  00    19    10     0
RW  00     0   240     0
RW  00    57     0     0
RW  00    10   160     0
RW  00     0     0     0
RW  00     0    70     0
RW  00    67   580     0
RW  00    38   250     0
RW  00   190  1240   703
RW  00     0    20     0
RW  00     0     0     0
RW  00    38    50     0
RW  00   456  1690     0
RW  00   314   580     0
RW  00   171   590   323
RW  00     0   250     0
RW  00     0   220     0
RW  00     0    40     0
RW  00    57   210     0
RW  00     0   110     0
RW  00   171   220     0
RW  00    67   340     0
RW  00   162   350     0
RW  00    19   130     0
RW  00   181   380    29
RW  00     0   140     0
RW  00     0   180     0
RW  00     0     0     0
RW  00     0    60     0
RW  00     0   280     0
RW  00     0    20     0
RW  00    10    30     0
RW  00    10    10     0
RW  00     0    40   219
RW  00     0   250     0
RW  00     0    60     0
RW  00     0    40     0
RW  00    76   950   143
RW  00     0     0     0
RW  00     0    40     0
RW  00     0   110     0
RW  00     0     0     0
RW  00     0    70    38
RW  00    86    20     0
RW  00     0    90     0
RW  00    10   120     0
RW  00     0    40     0
RW  00     0    50     0
RW  00     0     0     0
RW  00     0    40     0
RW  00     0     0     0
RW  00     0    90     0
RW  00  1843 11960     0
RW  00   228   340     0
RW  00    19     0     0
RW  00   523    10     0
RW  00     0     0     0
RW  00    10     0     0
RW  00     0     0     0
RW  00   333    30     0
RW  00    10     0     0
RW  00   456   130     0
RW  00     0   440     0
RW  00   105   760   865
RW  00    29    30     0
RW  00     0    40     0
RW  00    29    30     0
RW  00   133   120     0
RW  00     0    40     0
RW  00    76    40     0
RW  00    86    70     0
RW  00    38   160     0
RW  00   114    70     0
RW  00   114    20     0
RW  00    29    30     0
RW  00     0    40     0
RW  00     0   110     0
RW  00     0    30     0
RW  00    67    70     0
RW  00    19   570     0
RW  00    67   110     0
RW  00   133  5130     0
RW  00   475   150     0
RW  00     0     0     0
RW  00    29   160     0
RW  00     0  1060   304
RW  00    10   460     0
RW  00     0   220    86
RW  00     0    60     0
RW  00   371  1770     0
RW  00    29   210   276
RW  00     0     0     0
RW  00    10   140     0
RW  00    19   250     0
RW  00   257  1040     0
RW  00    29    70     0
RW  00   238  3300     0
RW  00   190  1120     0
RW  00     0     0     0
RW  00     0    70     0
RW  00    57  2150     0
RW  00     0  1560     0
RW  00    19   150     0
