MONTHLY DELTA ISLAND DRAINAGE RETURN CHLORIDE CONCENTRATIONS IN MG/L
BASED ON DWR BULLETIN 123 REGIONS (NORTH,SOUTHEAST,   WEST)  - NM 10/10/90
ISLAND   OCT     NOV     DEC     JAN     FEB     MAR     APR     MAY     JUN     JUL     AUG     SEP
                
   1     385.    433.    280.    289.    322.    342.    344.    292.    228.    252.    278.    312.
   2     385.    433.    280.    289.    322.    342.    344.    292.    228.    252.    278.    312.
   3     172.    169.    273.    275.    293.    255.    206.    121.     38.     69.     68.     68.
   4     385.    433.    280.    289.    322.    342.    344.    292.    228.    252.    278.    312.
   5     172.    169.    273.    275.    293.    255.    206.    121.     38.     69.     68.     68.
   6     172.    169.    273.    275.    293.    255.    206.    121.     38.     69.     68.     68.
   7     172.    169.    273.    275.    293.    255.    206.    121.     38.     69.     68.     68.
   8     222.    143.    286.    342.    371.    355.    324.    232.    174.    268.    290.    219.
   9     172.    169.    273.    275.    293.    255.    206.    121.     38.     69.     68.     68.
  10     172.    169.    273.    275.    293.    255.    206.    121.     38.     69.     68.     68.
  11     385.    433.    280.    289.    322.    342.    344.    292.    228.    252.    278.    312.
  12     385.    433.    280.    289.    322.    342.    344.    292.    228.    252.    278.    312.
  13     172.    169.    273.    275.    293.    255.    206.    121.     38.     69.     68.     68.
  14     172.    169.    273.    275.    293.    255.    206.    121.     38.     69.     68.     68.
  15     385.    433.    280.    289.    322.    342.    344.    292.    228.    252.    278.    312.
  16     172.    169.    273.    275.    293.    255.    206.    121.     38.     69.     68.     68.
  17     172.    169.    273.    275.    293.    255.    206.    121.     38.     69.     68.     68.
  18     385.    433.    280.    289.    322.    342.    344.    292.    228.    252.    278.    312.
  19     172.    169.    273.    275.    293.    255.    206.    121.     38.     69.     68.     68.
  20     172.    169.    273.    275.    293.    255.    206.    121.     38.     69.     68.     68.
  21     172.    169.    273.    275.    293.    255.    206.    121.     38.     69.     68.     68.
  22     172.    169.    273.    275.    293.    255.    206.    121.     38.     69.     68.     68.
  23     172.    169.    273.    275.    293.    255.    206.    121.     38.     69.     68.     68.
  24     172.    169.    273.    275.    293.    255.    206.    121.     38.     69.     68.     68.
  25     385.    433.    280.    289.    322.    342.    344.    292.    228.    252.    278.    312.
  26     172.    169.    273.    275.    293.    255.    206.    121.     38.     69.     68.     68.
  27     172.    169.    273.    275.    293.    255.    206.    121.     38.     69.     68.     68.
  28     172.    169.    273.    275.    293.    255.    206.    121.     38.     69.     68.     68.
  29     172.    169.    273.    275.    293.    255.    206.    121.     38.     69.     68.     68.
  30     172.    169.    273.    275.    293.    255.    206.    121.     38.     69.     68.     68.
  31     385.    433.    280.    289.    322.    342.    344.    292.    228.    252.    278.    312.
  32     222.    143.    286.    342.    371.    355.    324.    232.    174.    268.    290.    219.
  33     222.    143.    286.    342.    371.    355.    324.    232.    174.    268.    290.    219.
  34     222.    143.    286.    342.    371.    355.    324.    232.    174.    268.    290.    219.
  35     172.    169.    273.    275.    293.    255.    206.    121.     38.     69.     68.     68.
  36     385.    433.    280.    289.    322.    342.    344.    292.    228.    252.    278.    312.
  37     222.    143.    286.    342.    371.    355.    324.    232.    174.    268.    290.    219.
  38     172.    169.    273.    275.    293.    255.    206.    121.     38.     69.     68.     68.
  39     172.    169.    273.    275.    293.    255.    206.    121.     38.     69.     68.     68.
  40     172.    169.    273.    275.    293.    255.    206.    121.     38.     69.     68.     68.
  41     385.    433.    280.    289.    322.    342.    344.    292.    228.    252.    278.    312.
  42     172.    169.    273.    275.    293.    255.    206.    121.     38.     69.     68.     68.
  43     385.    433.    280.    289.    322.    342.    344.    292.    228.    252.    278.    312.
  44     172.    169.    273.    275.    293.    255.    206.    121.     38.     69.     68.     68.
  45     385.    433.    280.    289.    322.    342.    344.    292.    228.    252.    278.    312.
  46     172.    169.    273.    275.    293.    255.    206.    121.     38.     69.     68.     68.
  47     385.    433.    280.    289.    322.    342.    344.    292.    228.    252.    278.    312.
  48     385.    433.    280.    289.    322.    342.    344.    292.    228.    252.    278.    312.
  49     222.    143.    286.    342.    371.    355.    324.    232.    174.    268.    290.    219.
  50     222.    143.    286.    342.    371.    355.    324.    232.    174.    268.    290.    219.
  51     222.    143.    286.    342.    371.    355.    324.    232.    174.    268.    290.    219.
  52     385.    433.    280.    289.    322.    342.    344.    292.    228.    252.    278.    312.
  53     385.    433.    280.    289.    322.    342.    344.    292.    228.    252.    278.    312.
  54     385.    433.    280.    289.    322.    342.    344.    292.    228.    252.    278.    312.
  55     385.    433.    280.    289.    322.    342.    344.    292.    228.    252.    278.    312.
  56     172.    169.    273.    275.    293.    255.    206.    121.     38.     69.     68.     68.
  57     222.    143.    286.    342.    371.    355.    324.    232.    174.    268.    290.    219.
  58     385.    433.    280.    289.    322.    342.    344.    292.    228.    252.    278.    312.
  59     385.    433.    280.    289.    322.    342.    344.    292.    228.    252.    278.    312.
  60     385.    433.    280.    289.    322.    342.    344.    292.    228.    252.    278.    312.
  61     385.    433.    280.    289.    322.    342.    344.    292.    228.    252.    278.    312.
  62     385.    433.    280.    289.    322.    342.    344.    292.    228.    252.    278.    312.
  63     385.    433.    280.    289.    322.    342.    344.    292.    228.    252.    278.    312.
  64     385.    433.    280.    289.    322.    342.    344.    292.    228.    252.    278.    312.
  65     385.    433.    280.    289.    322.    342.    344.    292.    228.    252.    278.    312.
  66     385.    433.    280.    289.    322.    342.    344.    292.    228.    252.    278.    312.
  67     222.    143.    286.    342.    371.    355.    324.    232.    174.    268.    290.    219.
  68     172.    169.    273.    275.    293.    255.    206.    121.     38.     69.     68.     68.
  69     385.    433.    280.    289.    322.    342.    344.    292.    228.    252.    278.    312.
  70     385.    433.    280.    289.    322.    342.    344.    292.    228.    252.    278.    312.
  71     222.    143.    286.    342.    371.    355.    324.    232.    174.    268.    290.    219.
  72     172.    169.    273.    275.    293.    255.    206.    121.     38.     69.     68.     68.
  73     172.    169.    273.    275.    293.    255.    206.    121.     38.     69.     68.     68.
  74     385.    433.    280.    289.    322.    342.    344.    292.    228.    252.    278.    312.
  75     385.    433.    280.    289.    322.    342.    344.    292.    228.    252.    278.    312.
  76     385.    433.    280.    289.    322.    342.    344.    292.    228.    252.    278.    312.
  77     172.    169.    273.    275.    293.    255.    206.    121.     38.     69.     68.     68.
  78     172.    169.    273.    275.    293.    255.    206.    121.     38.     69.     68.     68.
  79     385.    433.    280.    289.    322.    342.    344.    292.    228.    252.    278.    312.
  80     172.    169.    273.    275.    293.    255.    206.    121.     38.     69.     68.     68.
  81     172.    169.    273.    275.    293.    255.    206.    121.     38.     69.     68.     68.
  82     385.    433.    280.    289.    322.    342.    344.    292.    228.    252.    278.    312.
  83     172.    169.    273.    275.    293.    255.    206.    121.     38.     69.     68.     68.
  84     385.    433.    280.    289.    322.    342.    344.    292.    228.    252.    278.    312.
  85     385.    433.    280.    289.    322.    342.    344.    292.    228.    252.    278.    312.
  86     385.    433.    280.    289.    322.    342.    344.    292.    228.    252.    278.    312.
  87     172.    169.    273.    275.    293.    255.    206.    121.     38.     69.     68.     68.
  88     172.    169.    273.    275.    293.    255.    206.    121.     38.     69.     68.     68.
  89     172.    169.    273.    275.    293.    255.    206.    121.     38.     69.     68.     68.
  90     385.    433.    280.    289.    322.    342.    344.    292.    228.    252.    278.    312.
  91     385.    433.    280.    289.    322.    342.    344.    292.    228.    252.    278.    312.
  92     172.    169.    273.    275.    293.    255.    206.    121.     38.     69.     68.     68.
  93     172.    169.    273.    275.    293.    255.    206.    121.     38.     69.     68.     68.
  94     172.    169.    273.    275.    293.    255.    206.    121.     38.     69.     68.     68.
  95     172.    169.    273.    275.    293.    255.    206.    121.     38.     69.     68.     68.
  96     172.    169.    273.    275.    293.    255.    206.    121.     38.     69.     68.     68.
  97     172.    169.    273.    275.    293.    255.    206.    121.     38.     69.     68.     68.
  98     172.    169.    273.    275.    293.    255.    206.    121.     38.     69.     68.     68.
  99     172.    169.    273.    275.    293.    255.    206.    121.     38.     69.     68.     68.
 100     172.    169.    273.    275.    293.    255.    206.    121.     38.     69.     68.     68.
 101     172.    169.    273.    275.    293.    255.    206.    121.     38.     69.     68.     68.
 102     385.    433.    280.    289.    322.    342.    344.    292.    228.    252.    278.    312.
 103     385.    433.    280.    289.    322.    342.    344.    292.    228.    252.    278.    312.
 104     385.    433.    280.    289.    322.    342.    344.    292.    228.    252.    278.    312.
 105     385.    433.    280.    289.    322.    342.    344.    292.    228.    252.    278.    312.
 106     385.    433.    280.    289.    322.    342.    344.    292.    228.    252.    278.    312.
 107     385.    433.    280.    289.    322.    342.    344.    292.    228.    252.    278.    312.
 108     385.    433.    280.    289.    322.    342.    344.    292.    228.    252.    278.    312.
 109     385.    433.    280.    289.    322.    342.    344.    292.    228.    252.    278.    312.
 110     385.    433.    280.    289.    322.    342.    344.    292.    228.    252.    278.    312.
 111     385.    433.    280.    289.    322.    342.    344.    292.    228.    252.    278.    312.
 112     385.    433.    280.    289.    322.    342.    344.    292.    228.    252.    278.    312.
 113     385.    433.    280.    289.    322.    342.    344.    292.    228.    252.    278.    312.
 114     385.    433.    280.    289.    322.    342.    344.    292.    228.    252.    278.    312.
 115     385.    433.    280.    289.    322.    342.    344.    292.    228.    252.    278.    312.
 116     385.    433.    280.    289.    322.    342.    344.    292.    228.    252.    278.    312.
 117     385.    433.    280.    289.    322.    342.    344.    292.    228.    252.    278.    312.
 118     385.    433.    280.    289.    322.    342.    344.    292.    228.    252.    278.    312.
 119     172.    169.    273.    275.    293.    255.    206.    121.     38.     69.     68.     68.
 120     385.    433.    280.    289.    322.    342.    344.    292.    228.    252.    278.    312.
 121     172.    169.    273.    275.    293.    255.    206.    121.     38.     69.     68.     68.
 122     172.    169.    273.    275.    293.    255.    206.    121.     38.     69.     68.     68.
 123     222.    143.    286.    342.    371.    355.    324.    232.    174.    268.    290.    219.
 124     172.    169.    273.    275.    293.    255.    206.    121.     38.     69.     68.     68.
 125     172.    169.    273.    275.    293.    255.    206.    121.     38.     69.     68.     68.
 126     172.    169.    273.    275.    293.    255.    206.    121.     38.     69.     68.     68.
 127     172.    169.    273.    275.    293.    255.    206.    121.     38.     69.     68.     68.
 128     222.    143.    286.    342.    371.    355.    324.    232.    174.    268.    290.    219.
 129     222.    143.    286.    342.    371.    355.    324.    232.    174.    268.    290.    219.
 130     222.    143.    286.    342.    371.    355.    324.    232.    174.    268.    290.    219.
 131     222.    143.    286.    342.    371.    355.    324.    232.    174.    268.    290.    219.
 132     385.    433.    280.    289.    322.    342.    344.    292.    228.    252.    278.    312.
 133     222.    143.    286.    342.    371.    355.    324.    232.    174.    268.    290.    219.
 134     222.    143.    286.    342.    371.    355.    324.    232.    174.    268.    290.    219.
 135     222.    143.    286.    342.    371.    355.    324.    232.    174.    268.    290.    219.
 136     222.    143.    286.    342.    371.    355.    324.    232.    174.    268.    290.    219.
 137     222.    143.    286.    342.    371.    355.    324.    232.    174.    268.    290.    219.
 138     385.    433.    280.    289.    322.    342.    344.    292.    228.    252.    278.    312.
 139     385.    433.    280.    289.    322.    342.    344.    292.    228.    252.    278.    312.
 140     222.    143.    286.    342.    371.    355.    324.    232.    174.    268.    290.    219.
 141     222.    143.    286.    342.    371.    355.    324.    232.    174.    268.    290.    219.
 142     222.    143.    286.    342.    371.    355.    324.    232.    174.    268.    290.    219.
