RW  77    10    80     0
RW  77    19   380     0
RW  77    19     0     0
RW  77    19   500     0
RW  77     0     0     0
RW  77     0     0     0
RW  77     0     0     0
RW  77     0    20     0
RW  77     0   220     0
RW  77     0     0     0
RW  77     0   220    10
RW  77     0   140     0
RW  77     0     0     0
RW  77    19   120     0
RW  77    29    60     0
RW  77   152    90     0
RW  77     0     0     0
RW  77     0    20     0
RW  77   143   440     0
RW  77     0     0     0
RW  77     0     0     0
RW  77     0     0     0
RW  77    19     0     0
RW  77     0   340     0
RW  77    67   470     0
RW  77     0     0     0
RW  77    10     0     0
RW  77     0     0     0
RW  77    10   820     0
RW  77     0     0     0
RW  77     0   180     0
RW  77     0    20     0
RW  77    10   250     0
RW  77    38  2420     0
RW  77     0     0     0
RW  77     0   100     0
RW  77     0     0     0
RW  77    29   340     0
RW  77    10   350     0
RW  77     0    10     0
RW  77     0   240     0
RW  77    57     0     0
RW  77    19   160     0
RW  77     0     0     0
RW  77     0    70     0
RW  77    67   580     0
RW  77    38   250     0
RW  77   190  1240     0
RW  77     0    20     0
RW  77     0     0     0
RW  77    38    50     0
RW  77   456  1690     0
RW  77   314   580     0
RW  77   171   590     0
RW  77     0   250     0
RW  77     0   220     0
RW  77     0    40     0
RW  77    57   210     0
RW  77     0   110     0
RW  77   171   220     0
RW  77    67   340     0
RW  77   162   350     0
RW  77    19   130     0
RW  77   181   380     0
RW  77     0   140     0
RW  77     0   180     0
RW  77     0     0     0
RW  77     0    60     0
RW  77     0   280     0
RW  77     0    20     0
RW  77    10    30     0
RW  77    10    10     0
RW  77     0    40     0
RW  77     0   250     0
RW  77    29    60     0
RW  77     0    40     0
RW  77    76   950   504
RW  77     0     0     0
RW  77     0    40     0
RW  77     0   110     0
RW  77     0     0     0
RW  77     0    70     0
RW  77    86    20     0
RW  77     0    90     0
RW  77    10   120     0
RW  77     0    40     0
RW  77     0    50     0
RW  77     0     0     0
RW  77     0    40     0
RW  77     0     0     0
RW  77     0    90     0
RW  77  1843 11960     0
RW  77   228   340    67
RW  77     0     0     0
RW  77   513    10     0
RW  77     0     0     0
RW  77     0     0     0
RW  77     0     0     0
RW  77   333    30     0
RW  77    10     0     0
RW  77   456   130     0
RW  77     0   440     0
RW  77   152   760    29
RW  77    29    30     0
RW  77     0    40     0
RW  77    29    30     0
RW  77   133   120     0
RW  77     0    40     0
RW  77    76    40     0
RW  77    86    70     0
RW  77    38   160     0
RW  77   114    70     0
RW  77    38    20     0
RW  77    29    30     0
RW  77     0    40     0
RW  77     0   110     0
RW  77     0    30     0
RW  77    67    70     0
RW  77    19   570     0
RW  77    67   110     0
RW  77   133  5130     0
RW  77   475   150   133
RW  77     0     0     0
RW  77    29   160     0
RW  77     0  1060     0
RW  77    10   460    38
RW  77     0   220    10
RW  77     0    60     0
RW  77   371  1770     0
RW  77    29   210   276
RW  77     0     0     0
RW  77    10   140     0
RW  77    19   250     0
RW  77   257  1040     0
RW  77    29    70     0
RW  77   238  3300     0
RW  77   190  1120     0
RW  77     0     0     0
RW  77     0    70     0
RW  77    57  2150     0
RW  77     0  1560     0
RW  77    19   150     0
